Kifissia,38.073654, 23.808348,1
KAT,38.065926, 23.804048,1
Marousi,38.056192, 23.805013,1
Neratziotissa,38.045103, 23.793184,1
Irini,38.043619, 23.782685,1
Iraklio,38.046247, 23.766073,1
Nea Ionia,38.041352, 23.754740,1
Pefkakia,38.046196, 23.766046,1
Perissos,38.033059, 23.744657,1
Ano Patisia,38.023797, 23.735974,1
Aghios Eleftherio,38.020106, 23.731855,1
Kato Patisia,38.011574, 23.728806,1
Aghios Nikolaos,38.006927, 23.727707,1
Victoria,37.993144, 23.730116,1
Attikki,37.999276, 23.722094,1
Omonia,37.984194, 23.728700,0
Monastiraki,37.976888, 23.726169,1
Thissio,37.976717, 23.720707,1
Petralona,37.968636, 23.709239,1
Tavros,37.962608, 23.703519,1
Kallithea, 37.960427, 23.697330,1
Moschato,37.955077, 23.679692,1
Faliro,37.945027, 23.665190,1
Piraeus,37.948205, 23.643280,1
Aghios Antonios,38.006628, 23.699485,2
Sepolia,38.002635, 23.713552,2
Larissa Station,37.991983, 23.721101,2
Metaxourghio,37.986261, 23.721145,2
Panepistimio,37.980375, 23.733052,2
Syntagma,37.974656, 23.735652,0
Akropoli,37.968732, 23.729615,2
Syngrou Fix,37.964280, 23.726542,2
Neos Kosmos,37.957598, 23.728485,2
Aghios Ioannis,37.956622, 23.734702,2
Dafni,37.949190, 23.737220,2
Aghios Dimitrios,37.940485, 23.740729,2
Egaleo,37.991949, 23.681831,3
Eleonas,37.987896, 23.694165,3
Kerameikos,37.978591, 23.711466,3
Evangelismos,37.976034, 23.746513,3
Megaro Moussikis,37.979291, 23.752922,3
Ambelokipi,37.987325, 23.757037,3
Panormou,37.993154, 23.763419,3
Katehaki,37.993167, 23.776160,3
Ethniki Amyna,38.000047, 23.785756,3
Holargos,38.004523, 23.794733,3
Nomismatokopio,38.009267, 23.805662,3
Aghia Paraskevi,38.017192, 23.812329,3
Halandri,38.021507, 23.821225,3
Doukissis Plakentias,38.024480, 23.834229,3
Pallini,38.005743, 23.869627,3
Paiania-Kantza,37.984219, 23.870015,3
Koropi,37.913007, 23.895821,3
Airport,37.936682, 23.944548,3